name: ML150
channels:
  - defaults
  - pytorch
dependencies:
  - blas=1.0=mkl
  - bzip2=1.0.8=h2bbff1b_6
  - ca-certificates=2026.3.19=haa95532_0
  - filelock=3.20.3=py311haa95532_0
  - gmp=6.3.0=h537511b_0
  - gmpy2=2.2.2=py311h8598115_0
  - intel-openmp=2023.1.0=h59b6b97_46320
  - jinja2=3.1.6=py311haa95532_0
  - libexpat=2.7.5=hd7fb8db_0
  - libffi=3.4.8=h2b21627_2
  - libuv=1.52.0=hd0d7782_0
  - libzlib=1.3.1=h1c6eee0_1
  - markupsafe=3.0.2=py311h827c3e9_0
  - mkl=2023.1.0=h6b88ed4_46358
  - mpc=1.3.1=h827c3e9_0
  - mpfr=4.2.1=h56c3642_0
  - mpmath=1.3.0=py311haa95532_0
  - networkx=3.6.1=py311haa95532_0
  - openssl=3.5.6=hbb43b14_0
  - packaging=26.0=py311haa95532_0
  - pip=26.0.1=pyhc872135_1
  - python=3.11.15=h1044e36_0
  - pytorch=2.5.1=py3.11_cpu_0
  - pytorch-mutex=1.0=cpu
  - pyyaml=6.0.3=py311hb9a58be_0
  - setuptools=82.0.1=py311haa95532_0
  - sqlite=3.51.2=hee5a0db_0
  - sympy=1.14.0=py311haa95532_1
  - tbb=2021.8.0=h59b6b97_0
  - tk=8.6.15=hf199647_0
  - typing_extensions=4.15.0=py311haa95532_0
  - tzdata=2026a=he532380_0
  - ucrt=10.0.22621.0=haa95532_0
  - vc=14.3=h2df5915_10
  - vc14_runtime=14.44.35208=h4927774_10
  - vs2015_runtime=14.44.35208=ha6b5a95_10
  - wheel=0.46.3=py311haa95532_0
  - xz=5.8.2=h53af0af_0
  - yaml=0.2.5=he774522_0
  - zlib=1.3.1=h1c6eee0_1
prefix: C:\Users\xxlui\anaconda3\envs\ML150
